x = 15.000000
y = 10.000000
z = 5.000000
